show_pfd guppi_58004_1929+16_0002_0001_PSR_1929+16.pfd -killparts 24 -killsubs 101,111,112
show_pfd guppi_58006_1929+16_0002_0001_PSR_1929+16.pfd -killsubs 27 -killparts 32,33
show_pfd guppi_58008_1929+16_0002_0001_PSR_1929+16.pfd -killparts 26,48 -killsubs 27 #also try -kp 47, -ks 21
show_pfd guppi_58017_1929+16_0001_0001_PSR_1929+16.pfd -killsubs 111,112 -killparts 9
show_pfd guppi_58032_1929+16_0001_0001_PSR_1929+16.pfd -killparts 16,17,24,33,34,56,57 -killsubs 2,3,4,23,27,28 #not detected
show_pfd guppi_58032_1929+16_0001_0001_PSR_1929+16.pfd -killparts 0,7,16,17,24,25,27,33,34,56,57 -killsubs 2,3,4,23,24,25,26,27,28 #still not showing up
show_pfd guppi_58014_1929+16_0001_0001_PSR_1929+16.pfd -killsubs 9,10,80,111,112 -killparts 19,35


numdms      =  129
numperiods  =  129
numpdots    =  129
nsub        =  128
npart       =  60
proflen     =  64
numchan     =  2048
pstep       =  1
pdstep      =  2
dmstep      =  1
ndmfact     =  1
npfact      =  1
filenm      =  'guppi_58022_1929+16_0001_0001.fits'
candnm      =  'PSR_1929+16'
telescope   =  'GBT'
pgdev       =  'guppi_58022_1929+16_0001_0001_PSR_1929+16.pfd.ps/CPS'
rastr       =  '19:28:47.7360'
decstr      =  '16:21:00.7200'
dt          =  8.192e-05
startT      =  0
endT        =  1
tepoch      =  58022.213773148
bepoch      =  0
avgvoverc   =  0
lofreq      =  720.09765625
chan_wid    =  0.09765625
bestdm      =  12.412179289433
topo.pow    =  0
topo.p1     =  0.52972068350366
topo.p2     =  -0
topo.p3     =  0
bary.pow    =  0
bary.p1     =  0
bary.p2     =  0
bary.p3     =  0
fold.pow    =  0
fold.p1     =  1.8877873398974
fold.p2     =  0
fold.p3     =  0
orb.p       =  0
orb.e       =  0
orb.x       =  0
orb.w       =  0
orb.t       =  0
orb.pd      =  0
orb.wd      =  0


Effective number of DOF = 60.47
Off-pulse Reduced chi^2 correction factor = 0.92
Assuming this was folded with polycos...

 Type <RETURN> for next page: 